541 392 182.5 203.5
496 392 155.5 145.5
454 393 141.5 116.5
454 393 136.5 115.5
454 393 185.5 119.5
454 393 232.5 121.5
454 393 233.5 119.5
454 393 231.5 118.5
454 393 232.5 118.5
450 368 231.5 116.5
450 323 175.5 152.5
450 279 130.5 186.5
448 240 84.5 213.5
447 218 84.5 213.5
450 258 65.5 224.5
450 300 102.5 214.5
450 344 147.5 180.5
452 391 197.5 141.5
470 432 250.5 112.5
472 472 297.5 81.5
474 517 331.5 50.5
472 490 346.5 40.5
469 447 319.5 70.5
469 405 274.5 97.5
469 356 222.5 133.5
469 313 171.5 175.5
469 268 119.5 213.5
471 315 125.5 220.5
471 360 171.5 181.5
470 406 221.5 137.5
470 451 272.5 97.5
472 494 316.5 65.5
475 523 347.5 38.5
489 507 375.5 41.5
489 465 341.5 65.5
489 422 298.5 93.5
489 375 245.5 132.5
489 329 193.5 178.5
489 285 148.5 226.5
489 246 104.5 273.5
491 274 100.5 289.5
491 318 138.5 252.5
491 366 185.5 196.5
491 412 234.5 147.5
491 455 284.5 102.5
491 497 330.5 71.5
501 544 376.5 45.5
509 509 384.5 46.5
509 462 351.5 72.5
510 421 303.5 108.5
509 375 256.5 150.5
511 329 203.5 204.5
511 283 155.5 265.5
508 246 117.5 307.5
511 255 97.5 310.5
512 296 128.5 309.5
512 341 171.5 256.5
512 387 217.5 197.5
512 433 266.5 145.5
512 477 319.5 97.5
510 520 362.5 66.5
529 557 409.5 40.5
529 506 395.5 56.5
530 461 360.5 86.5
530 420 316.5 126.5
530 376 267.5 175.5
531 333 218.5 234.5
530 287 175.5 292.5
528 257 135.5 339.5
533 297 143.5 342.5
535 342 188.5 289.5
534 388 234.5 224.5
533 435 283.5 166.5
533 478 330.5 115.5
533 524 375.5 78.5
533 556 414.5 49.5
549 541 427.5 53.5
549 497 398.5 74.5
551 453 364.5 113.5
551 411 316.5 158.5
550 364 264.5 220.5
550 317 216.5 286.5
547 275 171.5 350.5
551 285 148.5 370.5
552 325 183.5 348.5
552 372 228.5 281.5
552 417 278.5 209.5
552 461 326.5 153.5
551 505 368.5 108.5
551 552 409.5 71.5
569 564 446.5 63.5
569 517 428.5 78.5
569 473 393.5 115.5
569 430 349.5 161.5
569 385 302.5 218.5
569 338 253.5 289.5
567 292 205.5 363.5
570 286 170.5 398.5
571 326 200.5 385.5
572 372 246.5 317.5
573 417 293.5 242.5
572 460 337.5 181.5
571 505 384.5 127.5
570 551 426.5 87.5
587 575 451.5 69.5
589 537 454.5 86.5
589 494 423.5 115.5
590 450 383.5 160.5
590 408 338.5 218.5
589 360 293.5 287.5
587 317 244.5 364.5
590 323 216.5 410.5
591 367 257.5 361.5
591 413 299.5 290.5
591 456 348.5 212.5
591 504 392.5 158.5
591 548 434.5 110.5
607 575 464.5 84.5
609 537 466.5 108.5
609 492 436.5 140.5
609 449 391.5 195.5
609 406 348.5 257.5
609 360 306.5 330.5
607 325 261.5 405.5
611 366 273.5 401.5
612 413 314.5 336.5
612 456 362.5 250.5
612 499 405.5 188.5
611 545 448.5 134.5
617 574 481.5 101.5
629 546 489.5 119.5
629 500 458.5 153.5
629 457 418.5 202.5
629 416 374.5 269.5
627 372 330.5 349.5
625 338 292.5 417.5
631 379 297.5 413.5
631 421 342.5 345.5
631 465 385.5 264.5
631 507 427.5 199.5
631 555 468.5 145.5
648 574 495.5 116.5
649 545 503.5 136.5
648 500 469.5 175.5
649 458 432.5 226.5
648 415 390.5 301.5
647 371 347.5 379.5
649 383 321.5 418.5
651 423 364.5 371.5
651 468 407.5 288.5
651 509 449.5 217.5
651 557 488.5 167.5
669 561 517.5 153.5
669 516 500.5 178.5
669 473 461.5 233.5
668 431 421.5 307.5
666 388 380.5 381.5
669 403 357.5 418.5
670 445 398.5 362.5
670 487 438.5 284.5
671 526 478.5 214.5
673 562 513.5 171.5
688 548 528.5 175.5
689 502 495.5 221.5
688 458 455.5 287.5
687 416 415.5 365.5
687 410 382.5 415.5
691 449 407.5 389.5
691 492 452.5 307.5
692 530 491.5 235.5
697 562 525.5 190.5
706 418 521.5 221.5
711 456 427.5 395.5
710 495 471.5 322.5
718 532 516.5 239.5
726 451 474.5 354.5
727 445 459.5 386.5
730 483 471.5 371.5
730 526 512.5 301.5
748 533 542.5 267.5
748 469 491.5 377.5
750 509 513.5 343.5
766 491 506.5 396.5
768 533 539.5 343.5
786 543 30.5 399.5
785 499 25.5 415.5
792 543 26.5 422.5
806 533 51.5 427.5
806 496 34.5 453.5
808 524 34.5 453.5
824 553 57.5 434.5
826 519 61.5 461.5
