614 589 471.5 93.5
614 546 452.5 110.5
614 525 434.5 128.5
614 504 415.5 148.5
614 483 395.5 172.5
614 461 373.5 202.5
614 439 348.5 237.5
614 417 324.5 275.5
614 396 303.5 312.5
614 375 281.5 351.5
614 355 264.5 381.5
613 335 244.5 408.5
611 320 227.5 410.5
608 311 213.5 406.5
606 304 206.5 404.5
606 304 209.5 406.5
725 418 421.5 416.5
704 413 393.5 424.5
685 408 372.5 425.5
669 408 359.5 407.5
654 408 346.5 380.5
639 408 333.5 351.5
626 408 322.5 326.5
613 408 311.5 300.5
599 408 300.5 274.5
585 408 289.5 249.5
572 408 279.5 226.5
558 408 270.5 205.5
543 408 260.5 185.5
531 408 252.5 168.5
516 408 244.5 151.5
500 408 235.5 135.5
484 408 229.5 122.5
466 408 223.5 112.5
598 422 311.5 244.5
582 436 317.5 197.5
567 450 322.5 158.5
552 466 328.5 124.5
537 480 336.5 95.5
520 496 345.5 71.5
502 512 352.5 50.5
632 389 305.5 356.5
649 368 299.5 418.5
655 356 298.5 414.5
637 418 340.5 314.5
658 434 372.5 320.5
678 447 404.5 329.5
700 461 437.5 329.5
721 476 468.5 333.5
741 491 499.5 332.5
761 507 531.5 327.5
781 523 531.5 327.5
606 387 284.5 317.5
592 366 251.5 323.5
577 345 217.5 324.5
562 322 181.5 326.5
547 300 147.5 330.5
534 278 119.5 331.5
519 257 119.5 331.5
502 240 119.5 331.5
485 225 119.5 331.5
467 206 119.5 331.5
