../dataset/00001.jpg 662 391 343.5 383.5
../dataset/00002.jpg 744 455 485.5 405.5
../dataset/00003.jpg 783 486 485.5 405.5
../dataset/00004.jpg 609 326 228.5 404.5
../dataset/00005.jpg 542 278 127.5 330.5
../dataset/00006.jpg 510 258 78.5 280.5
../dataset/00007.jpg 478 255 53.5 226.5
../dataset/00008.jpg 432 255 0 0
../dataset/00009.jpg 432 296 62.5 143.5
../dataset/00010.jpg 433 333 106.5 114.5
../dataset/00011.jpg 435 371 142.5 76.5
../dataset/00012.jpg 436 387 155.5 64.5
../dataset/00013.jpg 437 413 178.5 42.5
../dataset/00014.jpg 437 428 199.5 29.5
../dataset/00015.jpg 455 406 202.5 41.5
../dataset/00016.jpg 516 455 289.5 38.5
../dataset/00017.jpg 535 490 346.5 21.5
../dataset/00018.jpg 595 539 442.5 41.5
../dataset/00019.jpg 615 572 487.5 39.5
../dataset/00020.jpg 633 573 501.5 55.5
../dataset/00021.jpg 652 573 510.5 80.5
../dataset/00022.jpg 671 574 529.5 92.5
../dataset/00023.jpg 689 574 535.5 117.5
../dataset/00024.jpg 708 574 555.5 136.5
../dataset/00025.jpg 727 574 572.5 151.5
../dataset/00026.jpg 747 575 0 0
../dataset/00027.jpg 765 576 591.5 167.5
../dataset/00028.jpg 784 591 613.5 177.5
../dataset/00029.jpg 803 538 0 0
../dataset/00030.jpg 721 506 502.5 238.5
../dataset/00031.jpg 701 485 464.5 243.5
../dataset/00032.jpg 681 461 422.5 257.5
../dataset/00033.jpg 659 440 381.5 259.5
../dataset/00034.jpg 639 419 341.5 260.5
../dataset/00035.jpg 621 419 324.5 236.5
../dataset/00036.jpg 618 397 301.5 259.5
../dataset/00037.jpg 597 376 260.5 259.5
../dataset/00038.jpg 578 376 242.5 235.5
../dataset/00039.jpg 562 375 228.5 205.5
../dataset/00040.jpg 558 354 205.5 231.5
../dataset/00041.jpg 537 333 166.5 227.5
../dataset/00042.jpg 502 309 114.5 213.5
../dataset/00043.jpg 498 288 91.5 229.5
../dataset/00044.jpg 478 264 0 0
